fx: 604.3
fy: 604.0
cx: 320.0
cy: 240.0
depth_scale: 0.001
width: 640
height: 480